0.0165
0.0072
0.0067
0.0083
0.0098
0.0114
1.5244
0.0317
0.0162
0.0176
0.0191
0.021
0.1202
0.4873
0.0269
0.0274
0.0286
0.03
0.0319
1.169
0.1159
0.1006
0.1011
0.114
0.1099
0.1054
0.1059
0.3009
0.1502
0.1166
0.1128
0.1156
0.1168
0.1616
0.1183
0.2363
0.1588
0.1211
0.1371
0.1228
0.1271
0.128
0.1268
0.2222
6.3219
0.0761
1.452
0.0718
0.078
0.0799
0.0813
0.0818
0.0813
0.0863
0.0868
0.088
0.0916
0.0896
0.0906
0.0944
0.0947
0.0942
0.0939
0.097
0.0963
0.1025
0.1018
0.1204
0.1068
0.107
0.1097
0.1092
0.1118
0.113
0.6969
0.1976
0.1869
0.1791
0.1822
0.2913
0.2131
0.1833
0.1888
0.2122
0.1962
0.2718
0.2387
0.1993
0.1924
0.2646
0.299
0.2174
0.2236
0.2027
0.2844
0.2825
7.6458
0.1519
0.1562
0.1469
0.1543
0.1516
0.1547
0.2351
0.1607
0.1564
0.164
0.1624
0.1683
0.1652
0.4821
0.2403
0.2346
0.4396
0.2687
0.2413
0.2413
0.246
0.3214
0.2668
0.2522
0.2482
0.257
0.3276
0.2685
0.2654
0.2491
0.2499
0.2141
0.2663
0.2623
8.3771
1.44
0.2093
0.226
0.2015
0.2124
0.8094
0.2046
0.211
0.2146
0.221
0.2131
0.216
0.2072
0.2117
1.0149
0.3979
0.2978
0.3033
0.3729
0.3598
0.3054
0.304
7.0784
0.2437
0.2365
0.2389
0.2358
0.2301
0.2401
0.5956
0.345
0.5622
0.3345
0.3543
0.319
0.3803
0.3283
0.3273
0.3095
0.3843
0.3598
0.3214
0.3245
0.3774
0.3455
0.3214
0.3483
7.0133
0.4556
0.3657
0.5713
0.4041
0.355
0.4818
0.3736
0.3526
0.4954
0.3972
0.3607
0.4654
0.392
0.3824
0.4482
0.3688
0.3598
0.4516
0.3729
0.3824
0.5918
0.4151
2.435
0.4106
0.5739
0.4554
0.5019
0.4778
0.4256
0.3955
0.493
0.4187
0.4129
10.0286
1.5616
0.3219
0.3233
0.3178
0.3185
0.3419
0.3374
0.7789
0.4089
0.4864
0.4191
0.3803
0.5224
0.4079
0.4036
2.3134
6.0756
0.5352
0.4656
0.5696
0.5367
0.4511
0.5913
0.4754
0.4137
0.6483
0.4811
0.4318
0.6304
0.4928
0.4401
0.5383
0.4413
0.4356
0.5088
0.4485
0.4399
5.5285
0.5527
0.4685
0.5877
0.4842
0.766
0.5283
0.4613
0.5717
0.5853
0.4447
0.5624
0.4752
0.4451
0.5956
0.473
0.4678
0.5512
0.4766
0.4704
0.5579
0.4652
1.7552
0.5231
0.6804
0.5844
0.5014
0.5798
0.5035
0.5782
0.4995
0.4654
0.5205
0.4935
0.4938
0.5882
0.5021
9.3455
0.4458
0.4578
0.423
0.427
0.4358
0.8194
0.6533
0.5293
0.4871
0.5558
0.5317
3.2325
5.6994
0.7503
0.6969
0.6044
0.7114
0.5853
0.7255
0.6413
0.5093
0.6804
0.5739
0.6406
0.596
0.6266
0.5703
0.617
0.5858
5.271
0.7908
0.5581
0.7358
0.6139
0.7412
0.5648
0.7265
0.5708
0.6237
0.5715
0.6082
0.6008
0.8891
0.5906
0.6886
0.5779
0.6361
4.2121
0.5004
0.8101
0.6032
0.6888
0.6633
0.6423
0.5255
0.5412
0.495
0.5193
0.5302
0.5286
0.5007
0.6912
0.6967
0.7527
0.6115
0.72
0.8314
4.6003
0.5381
0.8993
0.8304
1.0817
0.8192
0.8621
0.6528
0.6993
0.6511
0.711
0.6418
0.7415
0.9887
5.1949
0.8972
0.7815
0.8585
0.8063
0.7296
0.783
0.8032
0.7622
0.6437
0.7081
0.6604
0.6981
0.689
0.7107
0.6738
0.7842
4.2987
0.5708
0.9391
0.8318
0.694
0.8237
0.7424
0.8302
0.7548
0.7863
0.6938
0.7763
0.6862
0.7665
0.6814
0.8574
0.6905
4.4363
0.5932
0.9763
0.9
0.7055
0.8984
0.7944
0.91
0.7052
0.7632
0.7317
0.7675
0.7114
0.7598
0.6998
0.7646
4.5998
0.622
0.9754
0.8729
0.8121
0.8998
0.7832
0.946
0.7513
0.803
0.7372
0.8116
0.715
0.8235
0.7584
4.6132
0.6418
0.9873
0.9382
0.7546
0.9115
0.9518
0.8757
0.7699
0.9184
0.7913
0.8485
0.7551
0.8185
0.7393
4.3869
0.7291
0.7679
0.9415
0.9181
0.9348
0.9906
0.9079
0.7751
0.8371
0.7753
0.8264
0.8531
0.8767
4.3871
0.9477
1.106
0.8459
0.86
0.8483
1.1315
0.9103
0.8087
0.855
0.7849
0.8392
0.7863
0.8876
0.7796
6.1753
1.04
0.988
0.8872
1.168
0.9365
0.8099
0.8507
0.8194
0.9637
0.9751
4.5164
0.9944
1.1058
0.8407
0.9241
0.8609
1.1373
1.1575
0.8883
0.9224