675.1081943511963
1349.1849899291992
2218.899726867676
2513.0906105041504
3697.782516479492
4722.13339805603
5431.39123916626
5944.182872772217
6615.459680557251
7867.807149887085
8107.311487197876
9462.784051895142
9441.726922988892
10403.425693511963
11232.944965362549
12527.051448822021
12820.205450057983
14112.26749420166
14140.082597732544
15669.737100601196
15994.537591934204
17224.748134613037
17521.077632904053
18747.24841117859
19568.92967224121
20394.315242767334
20966.708660125732
22271.29554748535
22810.882806777954
23535.849809646606
23722.97692298889
25358.81280899048
25847.85032272339
26732.625484466553
26941.6401386261
28233.01100730896
29019.64545249939
29784.60693359375
30669.426918029785
31783.966302871704
31568.01199913025
32869.63200569153
33749.41158294678
34922.82581329346
34882.25603103638
35150.21896362305
35648.77247810364
36783.684730529785
37270.46895027161
38203.01914215088
38999.81212615967
40447.208404541016
40602.81443595886
41282.727003097534
41736.32502555847
43409.84225273132
43297.47557640076
44681.01406097412
44599.68328475952
46195.67036628723
46154.15668487549
48291.53084754944
47631.3853263855
49595.45063972473
49355.95774650574
50770.40958404541
51461.530923843384
52535.675287246704
52871.548891067505
54253.440856933594
53830.50799369812
55614.40825462341
55916.02826118469
57290.241956710815
57510.8859539032
59111.3338470459
59093.32370758057
60493.23225021362
60288.77663612366
62351.74775123596
61550.7116317749
63536.391496658325
63431.50448799133
65117.73586273193
64979.894399642944
66749.46880340576
66048.11954498291
67947.68905639648
68124.46665763855
70097.40161895752
69347.2146987915
71421.08845710754
70847.81432151794
72959.35893058777
72291.73636436462
74167.56987571716
73894.5095539093
75584.14316177368
75654.93750572205
77306.75721168518
77494.12822723389
79168.02620887756
78794.85273361206
80654.10161018372
80076.69520378113
82304.85653877258
81648.09441566467
83459.35559272766
83189.61691856384
85282.60231018066
85162.76216506958
86892.86661148071
86427.54197120667
88135.87546348572
87880.6254863739
90135.47921180725
89299.1464138031
91287.02187538147
91415.5216217041
93278.30028533936
92237.71619796753
95878.46803665161
94510.61725616455
96482.69867897034
95369.76385116577
97581.05278015137
96991.82200431824
99294.99673843384
98844.25592422485
100804.922580719
100073.12750816345
102182.71398544312
101705.99746704102
103676.58162117004
103643.13817024231
110071.25067710876
105714.74766731262
107450.37412643433
106807.21378326416
108788.17224502563
107919.0948009491
110845.37315368652
109651.88145637512
111829.26177978516
117770.45941352844
115552.98137664795
116494.10080909729
119941.3833618164
119177.79660224915
122112.50424385071
123916.40853881836
119912.9159450531
117747.93457984924
119740.10682106018
118552.24919319153
121814.93544578552
120264.01019096375
123260.40244102478
121422.68323898315
124329.60724830627
123330.92713356018
125569.28873062134
124565.176486969
127454.0798664093
126599.5728969574
129035.79998016357
128227.35214233398
130709.00297164917
129698.60315322876
132181.7831993103
130662.46819496155
133998.22998046875
132809.2713356018
135351.8946170807
133605.66639900208
136482.586145401
135526.99661254883
138315.8345222473
136692.1525001526
139920.44162750244
138834.25402641296
141257.76290893555
140207.2594165802
143338.04154396057
141709.16533470154
144171.49949073792
143608.65354537964
146309.52334403992
144945.29676437378
147519.19984817505
146096.70758247375
149308.26902389526
147559.66138839722
150314.63646888733
149342.4780368805
152726.66001319885
151009.1872215271
153667.1404838562
152210.01958847046
155586.3676071167
153895.93625068665
157129.15420532227
155466.5925502777
159260.0495815277
157153.7003517151
160029.5271873474
158381.59728050232
162153.6319255829
160093.36519241333
162871.29378318787
161665.83561897278
165280.0259590149
162894.35243606567
166777.34351158142
165433.11595916748
168705.7809829712
169975.51560401917
170207.00097084045
167909.62409973145
171541.18371009827
169754.45342063904
173009.71293449402
170719.14935112
174533.80250930786
172149.48844909668
176134.39655303955
174428.76720428467
178194.09227371216
175508.74853134155
178903.94234657288
176948.06337356567
181035.6364250183
178898.32973480225
182539.51573371887
180301.22590065002
184851.22919082642
184325.51884651184
185523.4923362732
183720.97396850586
187320.8839893341
192244.84181404114
195478.48343849182
204118.37935447693
192300.62294006348
191161.48567199707
192184.81969833374
189197.27611541748
193158.84566307068
190943.01104545593
195208.65297317505
208106.56881332397
225763.96298408508
213998.3651638031
217290.17972946167
197457.7305316925
201702.99530029297
197746.102809906
201457.18908309937
199186.53464317322
201671.92912101746
200462.63766288757
203693.6194896698
201780.2619934082
205702.06260681152
203442.09933280945
206737.2236251831
204970.0984954834
208432.3170185089
206295.2938079834
210100.36325454712
207738.112449646
211408.0626964569
209543.9293384552
213025.13790130615
210723.79183769226
214864.9878501892
213187.00742721558
216097.71132469177
213585.87765693665
217520.68662643433
214850.4900932312
219411.3073348999
217088.22298049927
220776.5200138092
218124.35603141785
222289.8244857788
219634.09113883972
224152.97412872314
221717.4973487854
225856.7910194397
223036.25345230103
227482.65409469604
224787.9021167755
228889.21523094177
226114.52221870422
229942.32940673828
227279.88028526306
231582.60250091553
228722.3482131958
233680.79566955566
230863.48462104797
234635.93316078186
232262.59541511536
236763.63730430603
233862.08248138428
237958.23311805725
234674.62158203125
240291.6989326477
236628.95011901855
240561.16366386414
238346.4012145996
242319.7567462921
239618.78395080566
244504.95100021362
241465.53444862366
245648.5311985016
242938.74382972717
247322.5929737091
244406.9094657898
248638.59939575195
245654.34408187866
249700.5581855774
247579.44893836975
251996.05631828308
249142.71140098572
253738.81483078003
250821.72298431396
254865.54312705994
252345.0207710266
256687.22581863403
253529.10780906677
257856.38737678528
254695.70398330688
259985.9881401062
256485.11290550232
261209.24425125122
258285.2439880371
262793.32089424133
260447.74532318115
264440.3500556946
261221.20475769043
265865.06152153015
262457.22222328186
267290.864944458
264528.14745903015
269242.57230758667
266140.95401763916
270784.37209129333
266809.9493980408
271834.71298217773
268680.0534725189
273858.8192462921
270230.36909103394
275345.9942340851
272387.95495033264
276609.81965065
273564.83817100525
278949.2070674896
275528.0773639679
280129.097700119
276902.78673171997
281652.4267196655
277979.95924949646
283309.43965911865
278929.3849468231
287490.291595459
281746.00410461426
285607.73181915283
282654.96349334717
288328.2136917114
284227.08535194397
289194.97442245483
285587.10408210754
290876.56593322754
287430.867433548
292512.2425556183
288839.3905162811
294281.73875808716
289938.3375644684
295298.1538772583
292425.43745040894
297441.5283203125
293864.8862838745
298170.1717376709
295224.8613834381
300328.7925720215
296354.1088104248
302032.97781944275
298441.3728713989
303861.7672920227
299955.5866718292
304961.38739585876
301325.47974586487
306308.9702129364
302491.5900230408
307528.35631370544
304273.21338653564
309695.7721710205
305607.82289505005
311007.3232650757
308607.72347450256
312813.25817108154
309130.95593452454
314928.6289215088
310358.446598053
318294.51179504395
318589.4067287445
323378.54266166687
316059.0546131134
322796.30184173584
318077.5728225708
327210.92414855957
317959.9094390869
322008.94117355347
318103.96122932434
323261.13963127136
320039.34693336487
325185.5309009552
321186.2921714783
327045.70722579956
322567.3062801361
327872.93577194214
324581.86745643616
329633.45766067505
325608.9165210724
331198.383808136
327536.2787246704
333132.9765319824
329038.7258529663
334426.4853000641
330715.06905555725
337088.1314277649
331923.0613708496
337386.65199279785
332861.69600486755
340624.9463558197
335050.7094860077
340597.72777557373
336210.8042240143
342910.28451919556
346727.2458076477
344228.4286022186
339420.2461242676
346711.6403579712
342314.679145813
347160.37344932556
356717.59700775146
351586.0216617584
343701.3773918152
349732.2382926941
346511.6264820099
350752.3047924042
346911.0836982727
352680.72605133057
348752.16007232666
354585.5243206024
350233.6254119873
355229.51793670654
351662.13178634644
357656.9952964783
352803.2019138336
359404.8104286194
356238.4805679321
360431.55312538147
356718.1770801544
362028.69391441345
358244.63272094727
364027.57263183594
359233.93535614014
373167.40131378174
387618.41082572937
444782.0475101471
417204.0596008301
384093.1668281555
370269.7718143463
372768.0535316467
366777.83393859863
371874.0265369415
367469.66552734375
373630.8078765869
369056.6840171814
375690.08016586304
370304.32653427124
376279.20031547546
371686.36441230774
378402.7707576752
373430.48334121704
379694.59557533264
374393.679857254
381860.9251976013
376789.7980213165
382765.1295661926
378317.98553466797
385463.6826515198
379855.281829834
385583.5485458374
381310.759305954
388139.9419307709
387623.5513687134
390345.91794013977
